0.000000 0.000000	0.000000 
0.000000 0.000000	0.000000 
0.067066 0.021562	0.244130 
-0.041187 0.084062	0.231935 
0.127445 -0.069128	0.516048 
-0.089062 0.055872	0.592427 
0.215969 0.015489	0.720204 
0.053589 0.109239	0.705608 
-0.108791 0.202989	0.732448 
0.293666 0.003415	0.969384 
0.077160 0.128415	0.994637 
-0.139347 0.253415	1.007376 
0.334786 -0.021377	1.235137 
0.154364 0.082790	1.215733 
-0.026057 0.186956	1.247373 
-0.206479 0.291123	1.232158 
0.458067 -0.021446	1.517308 
0.241561 0.103554	1.497416 
0.025054 0.228554	1.508196 
-0.191452 0.353554	1.480795 
0.486213 -0.038581	1.765819 
0.296770 0.070794	1.721157 
0.107327 0.180169	1.675143 
-0.082116 0.289544	1.775155 
-0.271559 0.398919	1.695967 
0.568156 0.005524	1.940095 
0.351650 0.130524	2.004419 
0.135144 0.255524	2.001765 
-0.081363 0.380524	2.008652 
-0.297869 0.505524	1.970134 
0.599034 0.034368	2.244288 
0.404179 0.146868	2.208429 
0.209323 0.259368	2.213720 
0.014467 0.371868	2.258524 
-0.180388 0.484368	2.250113 
-0.375244 0.596868	2.222613 
0.713713 0.023109	2.510630 
0.497207 0.148109	2.497237 
0.280701 0.273109	2.446211 
0.064194 0.398109	2.480966 
-0.152312 0.523109	2.517822 
-0.368818 0.648109	2.500131 
0.778699 0.046507	2.734035 
0.580235 0.161090	2.725863 
0.381771 0.275673	2.749330 
0.183307 0.390257	2.811088 
-0.015158 0.504840	2.785604 
-0.213622 0.619423	2.710113 
-0.412086 0.734007	2.763213 
0.893973 -0.020550	2.976625 
0.677467 0.104450	2.966584 
0.460961 0.229450	2.971153 
0.244454 0.354450	2.932475 
0.027948 0.479450	2.974745 
-0.188558 0.604450	3.020608 
-0.405065 0.729450	2.981329 
0.985676 -0.045404	3.250875 
0.784634 0.070668	3.229923 
0.583593 0.186739	3.248897 
0.382551 0.302810	3.242165 
0.181509 0.418882	3.220032 
-0.019532 0.534953	3.244199 
-0.220574 0.651025	3.288763 
-0.421615 0.767096	3.227654 
1.004606 0.012992	3.515192 
0.815163 0.122367	3.494048 
0.625719 0.231742	3.520846 
0.436276 0.341117	3.511373 
0.246833 0.450492	3.527996 
0.057390 0.559867	3.524717 
-0.132053 0.669242	3.519313 
-0.321496 0.778617	3.553904 
-0.510939 0.887992	3.496541 
1.090700 -0.013210	3.760265 
0.887726 0.103977	3.741472 
0.684751 0.221165	3.715843 
0.481776 0.338352	3.698039 
0.278802 0.455540	3.768233 
0.075827 0.572727	3.762565 
-0.127148 0.689915	3.741798 
-0.330123 0.807102	3.739688 
-0.533097 0.924290	3.791745 
1.164595 -0.018914	3.990936 
0.948088 0.106086	3.997701 
0.731582 0.231086	3.970818 
0.515076 0.356086	3.995551 
0.298569 0.481086	4.066954 
0.082063 0.606086	4.001733 
-0.134443 0.731086	4.007561 
-0.350950 0.856086	4.043204 
-0.567456 0.981086	3.994499 
1.208185 0.006382	4.274484 
1.003707 0.124437	4.264531 
0.799229 0.242493	4.270323 
0.594751 0.360548	4.245280 
0.390273 0.478604	4.204758 
0.185794 0.596659	4.247206 
-0.018684 0.714715	4.255969 
-0.223162 0.832770	4.253868 
-0.427640 0.950826	4.256028 
-0.632119 1.068882	4.221344 
1.285301 -0.012232	4.489353 
1.068795 0.112768	4.480304 
0.852288 0.237768	4.476647 
0.635782 0.362768	4.537546 
0.419276 0.487768	4.539991 
0.202769 0.612768	4.481633 
-0.013737 0.737768	4.487154 
-0.230243 0.862768	4.464063 
-0.446750 0.987768	4.494067 
-0.663256 1.112768	4.539047 
1.421443 -0.003100	4.766839 
1.215762 0.115650	4.702066 
1.010081 0.234400	4.789369 
0.804400 0.353150	4.787176 
0.598719 0.471900	4.687009 
0.393038 0.590650	4.737747 
0.187357 0.709400	4.777036 
-0.018324 0.828150	4.699799 
-0.224005 0.946900	4.738929 
-0.429686 1.065650	4.726807 
-0.635367 1.184400	4.770504 
1.454499 -0.020828	4.998439 
1.237992 0.104172	5.031344 
1.021486 0.229172	4.985003 
0.804980 0.354172	4.980277 
0.588473 0.479172	5.029864 
0.371967 0.604172	5.006903 
0.155461 0.729172	4.974097 
-0.061046 0.854172	4.956249 
-0.277552 0.979172	4.998090 
-0.494058 1.104172	5.022123 
-0.710565 1.229172	4.991902 
1.529806 0.058166	5.204899 
1.323141 0.177484	5.205947 
1.116476 0.296803	5.289508 
0.909811 0.416121	5.256072 
0.703146 0.535439	5.270741 
0.496481 0.654757	5.291805 
0.289815 0.774075	5.262581 
0.083150 0.893394	5.217192 
-0.123515 1.012712	5.230997 
-0.330180 1.132030	5.282125 
-0.536845 1.251348	5.204861 
-0.743510 1.370666	5.248864 
1.607163 0.018930	5.483153 
1.408699 0.133513	5.506929 
1.210235 0.248096	5.504060 
1.011771 0.362680	5.471475 
0.813307 0.477263	5.430090 
0.614843 0.591846	5.505310 
0.416378 0.706430	5.476494 
0.217914 0.821013	5.532336 
0.019450 0.935596	5.473759 
-0.179014 1.050180	5.501969 
-0.377478 1.164763	5.514578 
-0.575942 1.279346	5.514665 
-0.774407 1.393930	5.530357 
1.661449 0.058490	5.712432 
1.453963 0.178281	5.814656 
1.246478 0.298073	5.773605 
1.038993 0.417865	5.705397 
0.831508 0.537656	5.761721 
0.624022 0.657448	5.770145 
0.416537 0.777240	5.728407 
0.209052 0.897031	5.701246 
0.001567 1.016823	5.767727 
-0.205919 1.136615	5.695749 
-0.413404 1.256406	5.733177 
-0.620889 1.376198	5.823814 
-0.828374 1.495990	5.735416 
1.736015 0.041796	5.993414 
1.519508 0.166796	5.992041 
1.303002 0.291796	6.020887 
1.086496 0.416796	5.982433 
0.869989 0.541796	5.975575 
0.653483 0.666796	5.994124 
0.436977 0.791796	6.054544 
0.220470 0.916796	6.075040 
0.003964 1.041796	5.963182 
-0.212542 1.166796	5.964546 
-0.429049 1.291796	6.001305 
-0.645555 1.416796	6.014408 
-0.862062 1.541796	5.994518 
1.820947 0.007802	6.266772 
1.612768 0.127994	6.207484 
1.404588 0.248186	6.239983 
1.196409 0.368379	6.301694 
0.988230 0.488571	6.235162 
0.780051 0.608763	6.230074 
0.571872 0.728956	6.267125 
0.363693 0.849148	6.294776 
0.155513 0.969340	6.263546 
-0.052666 1.089533	6.259402 
-0.260845 1.209725	6.231032 
-0.469024 1.329917	6.262734 
-0.677203 1.450109	6.286279 
-0.885383 1.570302	6.308563 
1.864086 -0.023296	6.526933 
1.647580 0.101704	6.485197 
1.431073 0.226704	6.514087 
1.214567 0.351704	6.517470 
0.998061 0.476704	6.478744 
0.781554 0.601704	6.502746 
0.565048 0.726704	6.507311 
0.348542 0.851704	6.554004 
0.132035 0.976704	6.477548 
-0.084471 1.101704	6.504573 
-0.300977 1.226704	6.475483 
-0.517484 1.351704	6.485250 
-0.733990 1.476704	6.545993 
-0.950496 1.601704	6.506601 
1.901729 0.029524	6.704428 
1.692955 0.150059	6.725514 
1.484181 0.270595	6.723662 
1.275407 0.391131	6.732492 
1.066633 0.511667	6.711271 
0.857859 0.632202	6.770867 
0.649085 0.752738	6.719700 
0.440311 0.873274	6.698704 
0.231537 0.993809	6.684534 
0.022763 1.114345	6.772051 
-0.186011 1.234881	6.760692 
-0.394785 1.355417	6.719763 
-0.603559 1.475952	6.761231 
-0.812333 1.596488	6.788934 
-1.021107 1.717024	6.737960 
2.006695 -0.034721	7.036587 
1.790188 0.090279	6.963193 
1.573682 0.215279	6.994148 
1.357176 0.340279	6.971593 
1.140669 0.465279	6.988348 
0.924163 0.590279	6.950611 
0.707657 0.715279	7.007055 
0.491150 0.840279	7.004060 
0.274644 0.965279	6.940796 
0.058138 1.090279	7.036211 
-0.158369 1.215279	7.038112 
-0.374875 1.340279	6.951001 
-0.591381 1.465279	6.932137 
-0.807888 1.590279	7.003678 
-1.024394 1.715279	6.976848 
2.089710 -0.038459	7.293623 
1.880420 0.082374	7.268747 
1.671131 0.203208	7.287728 
1.461841 0.324041	7.260331 
1.252552 0.444874	7.265565 
1.043262 0.565708	7.230612 
0.833973 0.686541	7.264166 
0.624683 0.807374	7.209475 
0.415394 0.928208	7.295681 
0.206104 1.049041	7.237541 
-0.003185 1.169874	7.177540 
-0.212475 1.290708	7.217316 
-0.421764 1.411541	7.217364 
-0.631054 1.532374	7.247488 
-0.840343 1.653208	7.228769 
-1.049632 1.774041	7.213389 
2.133305 0.029437	7.531890 
1.916799 0.154437	7.487209 
1.700293 0.279437	7.481388 
1.483786 0.404437	7.518474 
1.267280 0.529437	7.462447 
1.050774 0.654437	7.528891 
0.834267 0.779437	7.484452 
0.617761 0.904437	7.481049 
0.401255 1.029437	7.553505 
0.184748 1.154437	7.506648 
-0.031758 1.279437	7.483814 
-0.248264 1.404437	7.500778 
-0.464771 1.529437	7.482152 
-0.681277 1.654437	7.498947 
-0.897783 1.779437	7.495751 
-1.114290 1.904437	7.525262 
2.244177 -0.009948	7.708616 
2.034436 0.111146	7.721992 
1.824696 0.232240	7.793984 
1.614955 0.353333	7.802586 
1.405215 0.474427	7.715446 
1.195474 0.595521	7.790556 
0.985734 0.716615	7.706716 
0.775993 0.837708	7.701771 
0.566252 0.958802	7.771629 
0.356512 1.079896	7.726365 
0.146771 1.200990	7.755533 
-0.062969 1.322083	7.766306 
-0.272710 1.443177	7.713877 
-0.482450 1.564271	7.725372 
-0.692191 1.685365	7.739676 
-0.901931 1.806458	7.713366 
-1.111672 1.927552	7.747053 
2.316169 -0.030680	8.003890 
2.099663 0.094320	8.009289 
1.883156 0.219320	7.988475 
1.666650 0.344320	7.931641 
1.450144 0.469320	8.027849 
1.233637 0.594320	8.010951 
1.017131 0.719320	7.982507 
0.800625 0.844320	8.022321 
0.584118 0.969320	8.017506 
0.367612 1.094320	8.007521 
0.151106 1.219320	7.983107 
-0.065401 1.344320	8.002877 
-0.281907 1.469320	7.976533 
-0.498414 1.594320	7.953322 
-0.714920 1.719320	8.002633 
-0.931426 1.844320	7.966520 
-1.147933 1.969320	8.014065 
2.378905 0.005036	8.221369 
2.168766 0.126360	8.246278 
1.958628 0.247683	8.242717 
1.748489 0.369007	8.241901 
1.538351 0.490330	8.267596 
1.328212 0.611654	8.224786 
1.118074 0.732977	8.221809 
0.907935 0.854301	8.190366 
0.697797 0.975625	8.256151 
0.487658 1.096948	8.256307 
0.277520 1.218272	8.231537 
0.067381 1.339595	8.232766 
-0.142757 1.460919	8.207105 
-0.352896 1.582242	8.281757 
-0.563034 1.703566	8.240189 
-0.773173 1.824889	8.251983 
-0.983311 1.946213	8.233946 
-1.193450 2.067536	8.274782 
2.397135 0.020527	8.451851 
2.180628 0.145527	8.456317 
1.964122 0.270527	8.488983 
1.747616 0.395527	8.456015 
1.531109 0.520527	8.535020 
1.314603 0.645527	8.449554 
1.098096 0.770527	8.521238 
0.881590 0.895527	8.522604 
0.665084 1.020527	8.450167 
0.448577 1.145527	8.549018 
0.232071 1.270527	8.454419 
0.015565 1.395527	8.478865 
-0.200942 1.520527	8.569905 
-0.417448 1.645527	8.551308 
-0.633954 1.770527	8.452785 
-0.850461 1.895527	8.510438 
-1.066967 2.020527	8.478936 
-1.283473 2.145527	8.512125 
2.567145 0.022247	8.740978 
2.356652 0.143775	8.746452 
2.146160 0.265302	8.766001 
1.935668 0.386830	8.780270 
1.725176 0.508358	8.773613 
1.514683 0.629886	8.778965 
1.304191 0.751414	8.738131 
1.093699 0.872941	8.785075 
0.883206 0.994469	8.744302 
0.672714 1.115997	8.754365 
0.462222 1.237525	8.709131 
0.251730 1.359052	8.796060 
0.041237 1.480580	8.778190 
-0.169255 1.602108	8.714846 
-0.379747 1.723636	8.706133 
-0.590240 1.845164	8.794485 
-0.800732 1.966691	8.754177 
-1.011224 2.088219	8.707431 
-1.221716 2.209747	8.785710 
2.602848 0.017959	8.988640 
2.386342 0.142959	8.975633 
2.169836 0.267959	9.020736 
1.953329 0.392959	9.010915 
1.736823 0.517959	9.039295 
1.520317 0.642959	8.967812 
1.303810 0.767959	9.054973 
1.087304 0.892959	9.026271 
0.870798 1.017959	9.027036 
0.654291 1.142959	8.945952 
0.437785 1.267959	9.031565 
0.221278 1.392959	9.047608 
0.004772 1.517959	8.961244 
-0.211734 1.642959	9.065197 
-0.428241 1.767959	9.009880 
-0.644747 1.892959	8.955436 
-0.861253 2.017959	9.030040 
-1.077760 2.142959	9.024456 
-1.294266 2.267959	9.030309 
2.601288 -0.017976	9.266988 
2.390479 0.103734	9.273049 
2.179671 0.225445	9.205368 
1.968862 0.347155	9.261704 
1.758053 0.468866	9.240550 
1.547244 0.590576	9.255105 
1.336435 0.712287	9.235192 
1.125627 0.833997	9.208141 
0.914818 0.955708	9.274998 
0.704009 1.077418	9.194723 
0.493200 1.199129	9.258842 
0.282391 1.320839	9.230918 
0.071582 1.442550	9.261857 
-0.139226 1.564260	9.266598 
-0.350035 1.685971	9.248200 
-0.560844 1.807682	9.276713 
-0.771653 1.929392	9.247671 
-0.982462 2.051103	9.282312 
-1.193270 2.172813	9.238343 
-1.404079 2.294524	9.186762 
2.731258 -0.058213	9.578162 
2.514751 0.066787	9.483828 
2.298245 0.191787	9.507135 
2.081738 0.316787	9.434352 
1.865232 0.441787	9.510367 
1.648726 0.566787	9.574322 
1.432219 0.691787	9.514897 
1.215713 0.816787	9.438404 
0.999207 0.941787	9.479842 
0.782700 1.066787	9.523858 
0.566194 1.191787	9.528529 
0.349688 1.316787	9.486266 
0.133181 1.441787	9.547421 
-0.083325 1.566787	9.481958 
-0.299831 1.691787	9.469488 
-0.516338 1.816787	9.470972 
-0.732844 1.941787	9.524635 
-0.949350 2.066787	9.472188 
-1.165857 2.191787	9.494350 
-1.382363 2.316787	9.483729 
2.842198 -0.030088	9.752653 
2.631105 0.091787	9.735868 
2.420011 0.213662	9.836277 
2.208917 0.335537	9.794597 
1.997823 0.457412	9.797495 
1.786730 0.579287	9.746008 
1.575636 0.701162	9.735039 
1.364542 0.823037	9.770757 
1.153449 0.944912	9.703362 
0.942355 1.066787	9.738793 
0.731261 1.188662	9.703616 
0.520168 1.310537	9.750880 
0.309074 1.432412	9.786440 
0.097980 1.554287	9.756513 
-0.113113 1.676162	9.750463 
-0.324207 1.798037	9.711190 
-0.535301 1.919912	9.709109 
-0.746395 2.041787	9.744709 
-0.957488 2.163662	9.765422 
-1.168582 2.285537	9.780415 
-1.379676 2.407412	9.762794 
2.936831 0.010576	9.989317 
2.720325 0.135576	10.050333 
2.503818 0.260576	10.009838 
2.287312 0.385576	10.068200 
2.070806 0.510576	10.056693 
1.854299 0.635576	9.929478 
1.637793 0.760576	9.983493 
1.421287 0.885576	9.925896 
1.204780 1.010576	9.964831 
0.988274 1.135576	10.023899 
0.771768 1.260576	9.991369 
0.555261 1.385576	10.026697 
0.338755 1.510576	9.971772 
0.122249 1.635576	10.016399 
-0.094258 1.760576	9.991930 
-0.310764 1.885576	9.990311 
-0.527270 2.010576	10.034013 
-0.743777 2.135576	9.968350 
-0.960283 2.260576	9.983666 
-1.176790 2.385576	10.054737 
-1.393296 2.510576	10.066719 
0.000000 0.000000	0.000000 
-0.002000 0.048118	0.165824 
-0.002000 -0.076882	0.211514 
-0.091965 0.123055	0.490704 
-0.091965 -0.126945	0.465556 
-0.027112 0.136110	0.796785 
-0.027112 -0.051390	0.799305 
-0.027112 -0.238890	0.778242 
-0.202857 0.240904	0.985906 
-0.202857 -0.009096	1.015491 
-0.202857 -0.259096	1.038629 
-0.217830 0.362387	1.296025 
-0.217830 0.154053	1.199352 
-0.217830 -0.054280	1.264393 
-0.217830 -0.262613	1.208906 
-0.183082 0.392381	1.486954 
-0.183082 0.142381	1.491027 
-0.183082 -0.107619	1.475819 
-0.183082 -0.357619	1.451594 
-0.287673 0.422678	1.823377 
-0.287673 0.203928	1.704052 
-0.287673 -0.014822	1.779938 
-0.287673 -0.233572	1.711011 
-0.287673 -0.452322	1.745350 
-0.288793 0.461289	1.950507 
-0.288793 0.211289	2.013174 
-0.288793 -0.038711	2.044552 
-0.288793 -0.288711	1.988226 
-0.288793 -0.538711	2.039291 
-0.322768 0.575186	2.232778 
-0.322768 0.350186	2.170173 
-0.322768 0.125186	2.244597 
-0.322768 -0.099814	2.227018 
-0.322768 -0.324814	2.254119 
-0.322768 -0.549814	2.259030 
-0.373076 0.606518	2.514795 
-0.373076 0.356518	2.478540 
-0.373076 0.106518	2.503755 
-0.373076 -0.143482	2.519155 
-0.373076 -0.393482	2.489326 
-0.373076 -0.643482	2.521133 
-0.405141 0.679061	2.783964 
-0.405141 0.449894	2.765115 
-0.405141 0.220728	2.729335 
-0.405141 -0.008439	2.763992 
-0.405141 -0.237606	2.750056 
-0.405141 -0.466772	2.736631 
-0.405141 -0.695939	2.722795 
-0.446522 0.763855	2.960470 
-0.446522 0.513855	3.010563 
-0.446522 0.263855	3.011332 
-0.446522 0.013855	3.012250 
-0.446522 -0.236145	3.020060 
-0.446522 -0.486145	3.009398 
-0.446522 -0.736145	2.925977 
-0.450944 0.841435	3.313348 
-0.450944 0.609292	3.199608 
-0.450944 0.377149	3.297994 
-0.450944 0.145007	3.229990 
-0.450944 -0.087136	3.249871 
-0.450944 -0.319279	3.207859 
-0.450944 -0.551422	3.224931 
-0.450944 -0.783565	3.259470 
-0.530465 0.816828	3.528907 
-0.530465 0.598078	3.482327 
-0.530465 0.379328	3.524098 
-0.530465 0.160578	3.457871 
-0.530465 -0.058172	3.502255 
-0.530465 -0.276922	3.527221 
-0.530465 -0.495672	3.456774 
-0.530465 -0.714422	3.508730 
-0.530465 -0.933172	3.486023 
-0.584353 0.965575	3.841755 
-0.584353 0.731200	3.725324 
-0.584353 0.496825	3.786561 
-0.584353 0.262450	3.743594 
-0.584353 0.028075	3.753564 
-0.584353 -0.206300	3.761255 
-0.584353 -0.440675	3.743754 
-0.584353 -0.675050	3.707017 
-0.584353 -0.909425	3.768672 
-0.563470 1.002865	4.013728 
-0.563470 0.752865	3.976697 
-0.563470 0.502865	4.013306 
-0.563470 0.252865	4.056471 
-0.563470 0.002865	4.054362 
-0.563470 -0.247135	3.986009 
-0.563470 -0.497135	4.007685 
-0.563470 -0.747135	3.991772 
-0.563470 -0.997135	4.008952 
-0.587869 1.064658	4.240273 
-0.587869 0.828547	4.303500 
-0.587869 0.592436	4.199260 
-0.587869 0.356325	4.216763 
-0.587869 0.120213	4.256660 
-0.587869 -0.115898	4.282823 
-0.587869 -0.352009	4.237234 
-0.587869 -0.588120	4.249270 
-0.587869 -0.824231	4.219774 
-0.587869 -1.060342	4.224861 
-0.636332 1.146488	4.491939 
-0.636332 0.896488	4.500204 
-0.636332 0.646488	4.522624 
-0.636332 0.396488	4.528661 
-0.636332 0.146488	4.502864 
-0.636332 -0.103512	4.513613 
-0.636332 -0.353512	4.453704 
-0.636332 -0.603512	4.456479 
-0.636332 -0.853512	4.498304 
-0.636332 -1.103512	4.528464 
-0.618587 1.164862	4.764990 
-0.618587 0.927362	4.750968 
-0.618587 0.689862	4.783162 
-0.618587 0.452362	4.755185 
-0.618587 0.214862	4.817024 
-0.618587 -0.022638	4.783417 
-0.618587 -0.260138	4.739323 
-0.618587 -0.497638	4.742595 
-0.618587 -0.735138	4.730745 
-0.618587 -0.972638	4.748935 
-0.618587 -1.210138	4.789555 
-0.752811 1.283420	5.025713 
-0.752811 1.033420	4.973802 
-0.752811 0.783420	5.028203 
-0.752811 0.533420	5.028555 
-0.752811 0.283420	5.062908 
-0.752811 0.033420	4.981888 
-0.752811 -0.216580	4.950145 
-0.752811 -0.466580	4.964209 
-0.752811 -0.716580	5.018046 
-0.752811 -0.966580	5.035919 
-0.752811 -1.216580	5.058947 
-0.799583 1.349219	5.279473 
-0.799583 1.110582	5.233006 
-0.799583 0.871946	5.247041 
-0.799583 0.633310	5.330187 
-0.799583 0.394673	5.225437 
-0.799583 0.156037	5.269057 
-0.799583 -0.082599	5.234864 
-0.799583 -0.321236	5.230248 
-0.799583 -0.559872	5.310275 
-0.799583 -0.798509	5.251913 
-0.799583 -1.037145	5.262354 
-0.799583 -1.275781	5.218466 
-0.782255 1.327679	5.455325 
-0.782255 1.098512	5.506095 
-0.782255 0.869345	5.480791 
-0.782255 0.640179	5.530759 
-0.782255 0.411012	5.473939 
-0.782255 0.181845	5.533864 
-0.782255 -0.047321	5.493535 
-0.782255 -0.276488	5.478094 
-0.782255 -0.505655	5.487365 
-0.782255 -0.734821	5.556406 
-0.782255 -0.963988	5.523675 
-0.782255 -1.193155	5.536623 
-0.782255 -1.422321	5.547626 
-0.761188 1.475774	5.761673 
-0.761188 1.236190	5.737921 
-0.761188 0.996607	5.790552 
-0.761188 0.757024	5.700715 
-0.761188 0.517440	5.778149 
-0.761188 0.277857	5.792628 
-0.761188 0.038274	5.749387 
-0.761188 -0.201310	5.736535 
-0.761188 -0.440893	5.712198 
-0.761188 -0.680476	5.735181 
-0.761188 -0.920060	5.698699 
-0.761188 -1.159643	5.752312 
-0.761188 -1.399226	5.722571 
-0.835880 1.467043	5.992591 
-0.835880 1.217043	6.030152 
-0.835880 0.967043	5.980273 
-0.835880 0.717043	5.979994 
-0.835880 0.467043	6.044313 
-0.835880 0.217043	6.001412 
-0.835880 -0.032957	6.108831 
-0.835880 -0.282957	5.998046 
-0.835880 -0.532957	5.987038 
-0.835880 -0.782957	6.021316 
-0.835880 -1.032957	6.022273 
-0.835880 -1.282957	6.013689 
-0.835880 -1.532957	6.006386 
-0.891700 1.577907	6.274991 
-0.891700 1.337522	6.271600 
-0.891700 1.097137	6.299235 
-0.891700 0.856753	6.250720 
-0.891700 0.616368	6.223735 
-0.891700 0.375984	6.237707 
-0.891700 0.135599	6.243504 
-0.891700 -0.104786	6.197406 
-0.891700 -0.345170	6.237410 
-0.891700 -0.585555	6.277745 
-0.891700 -0.825939	6.227241 
-0.891700 -1.066324	6.300669 
-0.891700 -1.306709	6.260319 
-0.891700 -1.547093	6.191596 
-0.920023 1.619421	6.521057 
-0.920023 1.369421	6.463166 
-0.920023 1.119421	6.527911 
-0.920023 0.869421	6.501751 
-0.920023 0.619421	6.498674 
-0.920023 0.369421	6.482207 
-0.920023 0.119421	6.534369 
-0.920023 -0.130579	6.467518 
-0.920023 -0.380579	6.477302 
-0.920023 -0.630579	6.500886 
-0.920023 -0.880579	6.563301 
-0.920023 -1.130579	6.479862 
-0.920023 -1.380579	6.464290 
-0.920023 -1.630579	6.481198 
-0.947865 1.696103	6.715378 
-0.947865 1.455032	6.724088 
-0.947865 1.213960	6.820564 
-0.947865 0.972889	6.775245 
-0.947865 0.731817	6.760538 
-0.947865 0.490746	6.737894 
-0.947865 0.249674	6.760515 
-0.947865 0.008603	6.733123 
-0.947865 -0.232468	6.777644 
-0.947865 -0.473540	6.752899 
-0.947865 -0.714611	6.708860 
-0.947865 -0.955683	6.680098 
-0.947865 -1.196754	6.792366 
-0.947865 -1.437826	6.752032 
-0.947865 -1.678897	6.751024 
-1.026474 1.749038	6.999781 
-1.026474 1.499038	6.972210 
-1.026474 1.249038	7.018383 
-1.026474 0.999038	7.056281 
-1.026474 0.749038	6.969142 
-1.026474 0.499038	6.997754 
-1.026474 0.249038	7.013767 
-1.026474 -0.000962	6.961804 
-1.026474 -0.250962	6.945636 
-1.026474 -0.500962	6.969889 
-1.026474 -0.750962	6.989304 
-1.026474 -1.000962	7.014505 
-1.026474 -1.250962	6.919272 
-1.026474 -1.500962	7.025953 
-1.026474 -1.750962	6.950282 
-1.061804 1.801002	7.222639 
-1.061804 1.559336	7.202532 
-1.061804 1.317669	7.289472 
-1.061804 1.076002	7.253186 
-1.061804 0.834336	7.284268 
-1.061804 0.592669	7.265852 
-1.061804 0.351002	7.244870 
-1.061804 0.109336	7.180597 
-1.061804 -0.132331	7.241390 
-1.061804 -0.373998	7.215922 
-1.061804 -0.615664	7.277514 
-1.061804 -0.857331	7.240273 
-1.061804 -1.098998	7.232416 
-1.061804 -1.340664	7.254084 
-1.061804 -1.582331	7.213728 
-1.061804 -1.823998	7.220238 
-1.105927 1.859670	7.517512 
-1.105927 1.609670	7.488117 
-1.105927 1.359670	7.511504 
-1.105927 1.109670	7.477345 
-1.105927 0.859670	7.545965 
-1.105927 0.609670	7.479072 
-1.105927 0.359670	7.582444 
-1.105927 0.109670	7.481724 
-1.105927 -0.140330	7.497722 
-1.105927 -0.390330	7.512508 
-1.105927 -0.640330	7.527436 
-1.105927 -0.890330	7.486313 
-1.105927 -1.140330	7.426958 
-1.105927 -1.390330	7.563392 
-1.105927 -1.640330	7.529454 
-1.105927 -1.890330	7.478869 
-1.133915 1.891178	7.754050 
-1.133915 1.648990	7.745646 
-1.133915 1.406803	7.758165 
-1.133915 1.164615	7.726580 
-1.133915 0.922428	7.691760 
-1.133915 0.680240	7.771912 
-1.133915 0.438053	7.737694 
-1.133915 0.195865	7.757838 
-1.133915 -0.046322	7.747726 
-1.133915 -0.288510	7.761650 
-1.133915 -0.530697	7.776047 
-1.133915 -0.772885	7.713666 
-1.133915 -1.015072	7.803840 
-1.133915 -1.257260	7.748906 
-1.133915 -1.499447	7.698137 
-1.133915 -1.741635	7.797407 
-1.133915 -1.983822	7.778799 
-1.144450 1.994569	8.005015 
-1.144450 1.744569	7.956456 
-1.144450 1.494569	7.972962 
-1.144450 1.244569	8.033305 
-1.144450 0.994569	8.020989 
-1.144450 0.744569	7.938506 
-1.144450 0.494569	8.005921 
-1.144450 0.244569	7.990273 
-1.144450 -0.005431	8.010326 
-1.144450 -0.255431	8.005648 
-1.144450 -0.505431	8.010909 
-1.144450 -0.755431	8.069970 
-1.144450 -1.005431	7.951296 
-1.144450 -1.255431	8.036276 
-1.144450 -1.505431	8.042702 
-1.144450 -1.755431	7.998063 
-1.144450 -2.005431	7.944194 
-1.226998 2.083604	8.200896 
-1.226998 1.840957	8.261128 
-1.226998 1.598310	8.255398 
-1.226998 1.355663	8.260783 
-1.226998 1.113016	8.308651 
-1.226998 0.870369	8.247250 
-1.226998 0.627722	8.275772 
-1.226998 0.385075	8.253327 
-1.226998 0.142428	8.358709 
-1.226998 -0.100219	8.287714 
-1.226998 -0.342866	8.218962 
-1.226998 -0.585513	8.213243 
-1.226998 -0.828160	8.285114 
-1.226998 -1.070807	8.314768 
-1.226998 -1.313455	8.269889 
-1.226998 -1.556102	8.254346 
-1.226998 -1.798749	8.203280 
-1.226998 -2.041396	8.273388 
-1.239482 2.128280	8.528133 
-1.239482 1.878280	8.437165 
-1.239482 1.628280	8.504137 
-1.239482 1.378280	8.443305 
-1.239482 1.128280	8.524939 
-1.239482 0.878280	8.485216 
-1.239482 0.628280	8.491636 
-1.239482 0.378280	8.466556 
-1.239482 0.128280	8.486832 
-1.239482 -0.121720	8.471865 
-1.239482 -0.371720	8.500409 
-1.239482 -0.621720	8.479462 
-1.239482 -0.871720	8.470848 
-1.239482 -1.121720	8.528433 
-1.239482 -1.371720	8.473664 
-1.239482 -1.621720	8.509819 
-1.239482 -1.871720	8.497666 
-1.239482 -2.121720	8.442261 
-1.258239 2.208319	8.769282 
-1.258239 1.965264	8.726703 
-1.258239 1.722208	8.748677 
-1.258239 1.479153	8.754743 
-1.258239 1.236097	8.741916 
-1.258239 0.993041	8.767685 
-1.258239 0.749986	8.790741 
-1.258239 0.506930	8.787087 
-1.258239 0.263875	8.700139 
-1.258239 0.020819	8.726647 
-1.258239 -0.222236	8.743112 
-1.258239 -0.465292	8.713801 
-1.258239 -0.708347	8.756879 
-1.258239 -0.951403	8.791353 
-1.258239 -1.194459	8.734266 
-1.258239 -1.437514	8.759014 
-1.258239 -1.680570	8.726901 
-1.258239 -1.923625	8.777297 
-1.258239 -2.166681	8.710006 
-1.301237 2.262303	9.032471 
-1.301237 2.012303	8.992201 
-1.301237 1.762303	8.968777 
-1.301237 1.512303	8.979147 
-1.301237 1.262303	9.019505 
-1.301237 1.012303	9.067809 
-1.301237 0.762303	8.976048 
-1.301237 0.512303	8.987990 
-1.301237 0.262303	8.977989 
-1.301237 0.012303	8.992204 
-1.301237 -0.237697	8.986083 
-1.301237 -0.487697	9.007458 
-1.301237 -0.737697	9.057760 
-1.301237 -0.987697	8.997110 
-1.301237 -1.237697	9.027387 
-1.301237 -1.487697	9.039284 
-1.301237 -1.737697	9.030486 
-1.301237 -1.987697	9.054481 
-1.301237 -2.237697	9.012467 
-1.378734 2.348383	9.212056 
-1.378734 2.104962	9.239652 
-1.378734 1.861541	9.241842 
-1.378734 1.618120	9.296567 
-1.378734 1.374699	9.225104 
-1.378734 1.131278	9.265875 
-1.378734 0.887857	9.297053 
-1.378734 0.644436	9.230143 
-1.378734 0.401015	9.229044 
-1.378734 0.157594	9.253816 
-1.378734 -0.085828	9.242200 
-1.378734 -0.329249	9.223239 
-1.378734 -0.572670	9.264000 
-1.378734 -0.816091	9.263810 
-1.378734 -1.059512	9.285826 
-1.378734 -1.302933	9.296252 
-1.378734 -1.546354	9.244558 
-1.378734 -1.789775	9.276453 
-1.378734 -2.033196	9.199023 
-1.378734 -2.276617	9.219649 
-1.420831 2.359424	9.527918 
-1.420831 2.109424	9.533288 
-1.420831 1.859424	9.531547 
-1.420831 1.609424	9.560274 
-1.420831 1.359424	9.485134 
-1.420831 1.109424	9.462329 
-1.420831 0.859424	9.415833 
-1.420831 0.609424	9.507397 
-1.420831 0.359424	9.512871 
-1.420831 0.109424	9.506158 
-1.420831 -0.140576	9.483512 
-1.420831 -0.390576	9.548123 
-1.420831 -0.640576	9.465770 
-1.420831 -0.890576	9.586111 
-1.420831 -1.140576	9.503466 
-1.420831 -1.390576	9.490637 
-1.420831 -1.640576	9.535259 
-1.420831 -1.890576	9.500283 
-1.420831 -2.140576	9.542689 
-1.420831 -2.390576	9.554416 
-1.450629 2.463256	9.758443 
-1.450629 2.219506	9.786744 
-1.450629 1.975756	9.691733 
-1.450629 1.732006	9.787816 
-1.450629 1.488256	9.763385 
-1.450629 1.244506	9.806185 
-1.450629 1.000756	9.680502 
-1.450629 0.757006	9.749382 
-1.450629 0.513256	9.746864 
-1.450629 0.269506	9.757239 
-1.450629 0.025756	9.834618 
-1.450629 -0.217994	9.763416 
-1.450629 -0.461744	9.804381 
-1.450629 -0.705494	9.720475 
-1.450629 -0.949244	9.706005 
-1.450629 -1.192994	9.737164 
-1.450629 -1.436744	9.721240 
-1.450629 -1.680494	9.735692 
-1.450629 -1.924244	9.767871 
-1.450629 -2.167994	9.749041 
-1.450629 -2.411744	9.718091 
-1.396941 2.472437	10.041546 
-1.396941 2.222437	10.020136 
-1.396941 1.972437	9.955377 
-1.396941 1.722437	10.030281 
-1.396941 1.472437	10.037510 
-1.396941 1.222437	10.016840 
-1.396941 0.972437	9.992611 
-1.396941 0.722437	10.015427 
-1.396941 0.472437	10.053423 
-1.396941 0.222437	10.024795 
-1.396941 -0.027563	10.009627 
-1.396941 -0.277563	9.967696 
-1.396941 -0.527563	9.976126 
-1.396941 -0.777563	9.971180 
-1.396941 -1.027563	9.996387 
-1.396941 -1.277563	10.007154 
-1.396941 -1.527563	10.016542 
-1.396941 -1.777563	10.026648 
-1.396941 -2.027563	10.008637 
-1.396941 -2.277563	10.043272 
-1.396941 -2.527563	10.010303 
0.000000 0.000000	0.000000 
-0.104162 -0.116249	0.276187 
0.004091 -0.053749	0.284151 
-0.078654 -0.067521	0.453033 
0.029599 -0.005021	0.482414 
0.137852 0.057479	0.489325 
-0.128738 -0.202801	0.724109 
0.033641 -0.109051	0.777041 
0.196021 -0.015301	0.748898 
-0.213095 -0.231437	1.012773 
-0.068758 -0.148103	1.052870 
0.075580 -0.064770	1.007954 
0.219917 0.018563	0.980283 
-0.136421 -0.338348	1.234114 
0.044001 -0.234181	1.232275 
0.224423 -0.130015	1.226898 
0.404845 -0.025848	1.262032 
-0.212916 -0.436205	1.514512 
-0.050536 -0.342455	1.472447 
0.111843 -0.248705	1.499959 
0.274223 -0.154955	1.484150 
0.436603 -0.061205	1.508106 
-0.236965 -0.462859	1.765181 
-0.047522 -0.353484	1.748519 
0.141921 -0.244109	1.730429 
0.331364 -0.134734	1.747849 
0.520807 -0.025359	1.781008 
-0.260934 -0.519701	1.985475 
-0.087729 -0.419701	2.028359 
0.085476 -0.319701	1.993344 
0.258681 -0.219701	2.040317 
0.431886 -0.119701	1.956504 
0.605091 -0.019701	2.016703 
-0.315084 -0.535499	2.265698 
-0.120228 -0.422999	2.277721 
0.074628 -0.310499	2.225217 
0.269483 -0.197999	2.299437 
0.464339 -0.085499	2.258187 
0.659195 0.027001	2.278664 
-0.384044 -0.584125	2.499555 
-0.203622 -0.479958	2.450613 
-0.023200 -0.375792	2.500588 
0.157221 -0.271625	2.464654 
0.337643 -0.167458	2.446541 
0.518065 -0.063292	2.500140 
0.698487 0.040875	2.515276 
-0.463929 -0.636140	2.772595 
-0.265465 -0.521556	2.766251 
-0.067000 -0.406973	2.755204 
0.131464 -0.292390	2.823956 
0.329928 -0.177806	2.744106 
0.528392 -0.063223	2.750886 
0.726856 0.051360	2.748885 
-0.433335 -0.755771	3.006325 
-0.247758 -0.648628	2.955677 
-0.062182 -0.541485	2.995868 
0.123395 -0.434342	3.006472 
0.308972 -0.327199	2.948409 
0.494549 -0.220056	3.007037 
0.680126 -0.112913	2.986227 
0.865703 -0.005771	3.023068 
-0.529521 -0.792336	3.229658 
-0.328480 -0.676264	3.234373 
-0.127438 -0.560193	3.249553 
0.073604 -0.444121	3.256945 
0.274645 -0.328050	3.240442 
0.475687 -0.211979	3.194273 
0.676729 -0.095907	3.277558 
0.877770 0.020164	3.194120 
-0.510361 -0.885434	3.503657 
-0.320918 -0.776059	3.482738 
-0.131475 -0.666684	3.495087 
0.057968 -0.557309	3.483842 
0.247411 -0.447934	3.487415 
0.436854 -0.338559	3.447007 
0.626297 -0.229184	3.503880 
0.815740 -0.119809	3.512734 
1.005183 -0.010434	3.471605 
-0.501907 -0.947793	3.807948 
-0.298933 -0.830606	3.712777 
-0.095958 -0.713418	3.671337 
0.107017 -0.596231	3.715925 
0.309991 -0.479043	3.692661 
0.512966 -0.361856	3.762139 
0.715941 -0.244668	3.788689 
0.918916 -0.127481	3.738121 
1.121890 -0.010293	3.745152 
-0.588298 -0.965038	4.059401 
-0.395848 -0.853927	3.962503 
-0.203398 -0.742816	4.039123 
-0.010948 -0.631705	3.996463 
0.181502 -0.520593	4.003061 
0.373952 -0.409482	4.065177 
0.566402 -0.298371	3.968014 
0.758853 -0.187260	4.015157 
0.951303 -0.076149	3.974226 
1.143753 0.034962	3.970689 
-0.630632 -1.043160	4.284163 
-0.426154 -0.925104	4.289249 
-0.221675 -0.807049	4.198648 
-0.017197 -0.688993	4.244895 
0.187281 -0.570937	4.326285 
0.391759 -0.452882	4.244923 
0.596238 -0.334826	4.220773 
0.800716 -0.216771	4.219531 
1.005194 -0.098715	4.275154 
1.209672 0.019340	4.286278 
-0.671649 -1.104347	4.467452 
-0.476794 -0.991847	4.558824 
-0.281938 -0.879347	4.521331 
-0.087082 -0.766847	4.518502 
0.107774 -0.654347	4.505220 
0.302629 -0.541847	4.521161 
0.497485 -0.429347	4.436658 
0.692341 -0.316847	4.520390 
0.887196 -0.204347	4.485565 
1.082052 -0.091847	4.443099 
1.276908 0.020653	4.522212 
-0.682465 -1.222678	4.739614 
-0.476784 -1.103928	4.782109 
-0.271103 -0.985178	4.740110 
-0.065422 -0.866428	4.735203 
0.140259 -0.747678	4.703002 
0.345940 -0.628928	4.733293 
0.551621 -0.510178	4.760228 
0.757302 -0.391428	4.738967 
0.962983 -0.272678	4.729567 
1.168664 -0.153928	4.730336 
1.374345 -0.035178	4.782204 
-0.719200 -1.226480	4.981599 
-0.522376 -1.112844	5.064414 
-0.325552 -0.999208	5.051056 
-0.128728 -0.885571	4.993377 
0.068096 -0.771935	5.052405 
0.264919 -0.658298	5.026531 
0.461743 -0.544662	4.963732 
0.658567 -0.431026	4.908284 
0.855391 -0.317389	4.974233 
1.052215 -0.203753	4.980591 
1.249039 -0.090117	5.010333 
1.445863 0.023520	4.950664 
-0.729846 -1.331191	5.253545 
-0.523181 -1.211873	5.274318 
-0.316516 -1.092555	5.288948 
-0.109850 -0.973237	5.264156 
0.096815 -0.853919	5.217153 
0.303480 -0.734600	5.283453 
0.510145 -0.615282	5.243716 
0.716810 -0.495964	5.232913 
0.923475 -0.376646	5.262625 
1.130141 -0.257328	5.247941 
1.336806 -0.138009	5.218085 
1.543471 -0.018691	5.289377 
-0.795520 -1.365760	5.442669 
-0.597056 -1.251177	5.484040 
-0.398592 -1.136593	5.492534 
-0.200128 -1.022010	5.488794 
-0.001664 -0.907427	5.592527 
0.196800 -0.792843	5.479148 
0.395265 -0.678260	5.553849 
0.593729 -0.563677	5.602886 
0.792193 -0.449093	5.503729 
0.990657 -0.334510	5.468423 
1.189121 -0.219927	5.447853 
1.387585 -0.105343	5.511376 
1.586050 0.009240	5.467524 
-0.782511 -1.462174	5.743395 
-0.575026 -1.342383	5.744470 
-0.367541 -1.222591	5.740568 
-0.160055 -1.102799	5.776712 
0.047430 -0.983008	5.767577 
0.254915 -0.863216	5.740408 
0.462400 -0.743424	5.703652 
0.669886 -0.623633	5.741094 
0.877371 -0.503841	5.794238 
1.084856 -0.384049	5.737222 
1.292341 -0.264258	5.706377 
1.499827 -0.144466	5.766559 
1.707312 -0.024674	5.759141 
-0.903782 -1.442815	6.010547 
-0.703930 -1.327431	6.010169 
-0.504078 -1.212046	5.991724 
-0.304226 -1.096661	5.955112 
-0.104374 -0.981277	6.012028 
0.095478 -0.865892	6.032449 
0.295330 -0.750508	5.981805 
0.495182 -0.635123	6.039103 
0.695034 -0.519738	6.040166 
0.894886 -0.404354	5.969583 
1.094738 -0.288969	6.013008 
1.294590 -0.173584	5.970298 
1.494442 -0.058200	6.014197 
1.694294 0.057185	6.007748 
-0.839130 -1.523644	6.230015 
-0.630951 -1.403452	6.285062 
-0.422772 -1.283260	6.259869 
-0.214593 -1.163067	6.210237 
-0.006413 -1.042875	6.251328 
0.201766 -0.922683	6.226785 
0.409945 -0.802490	6.264402 
0.618124 -0.682298	6.250774 
0.826303 -0.562106	6.215069 
1.034483 -0.441913	6.276837 
1.242662 -0.321721	6.272015 
1.450841 -0.201529	6.253053 
1.659020 -0.081337	6.286467 
1.867199 0.038856	6.219736 
-0.958182 -1.619252	6.500057 
-0.757141 -1.503180	6.516268 
-0.556099 -1.387109	6.496039 
-0.355057 -1.271037	6.536161 
-0.154016 -1.154966	6.565842 
0.047026 -1.038895	6.521165 
0.248067 -0.922823	6.502360 
0.449109 -0.806752	6.552109 
0.650151 -0.690680	6.472873 
0.851192 -0.574609	6.553941 
1.052234 -0.458537	6.523331 
1.253276 -0.342466	6.568353 
1.454317 -0.226395	6.462983 
1.655359 -0.110323	6.506060 
1.856400 0.005748	6.527903 
-0.911294 -1.741452	6.752261 
-0.702520 -1.620917	6.798116 
-0.493746 -1.500381	6.787314 
-0.284972 -1.379845	6.721692 
-0.076198 -1.259310	6.733881 
0.132576 -1.138774	6.673505 
0.341350 -1.018238	6.672673 
0.550124 -0.897702	6.737205 
0.758898 -0.777167	6.764276 
0.967672 -0.656631	6.746054 
1.176446 -0.536095	6.820914 
1.385220 -0.415560	6.755116 
1.593994 -0.295024	6.768318 
1.802768 -0.174488	6.754358 
2.011542 -0.053952	6.716515 
-1.019657 -1.758088	6.934587 
-0.817585 -1.641421	7.007663 
-0.615512 -1.524755	6.992147 
-0.413439 -1.408088	7.018757 
-0.211367 -1.291421	6.931687 
-0.009294 -1.174755	6.954509 
0.192778 -1.058088	7.053029 
0.394851 -0.941421	6.996894 
0.596924 -0.824755	6.970777 
0.798996 -0.708088	6.977397 
1.001069 -0.591421	7.061729 
1.203141 -0.474755	7.009125 
1.405214 -0.358088	6.975683 
1.607287 -0.241421	7.012620 
1.809359 -0.124755	6.996043 
2.011432 -0.008088	7.017096 
-1.024295 -1.839756	7.251065 
-0.815006 -1.718923	7.254777 
-0.605716 -1.598089	7.254508 
-0.396427 -1.477256	7.239587 
-0.187137 -1.356423	7.258428 
0.022152 -1.235589	7.269349 
0.231442 -1.114756	7.251748 
0.440731 -0.993923	7.257623 
0.650021 -0.873089	7.232505 
0.859310 -0.752256	7.247102 
1.068600 -0.631423	7.185056 
1.277889 -0.510589	7.277321 
1.487179 -0.389756	7.300007 
1.696468 -0.268923	7.286882 
1.905757 -0.148089	7.234848 
2.115047 -0.027256	7.287336 
-1.088697 -1.840590	7.495144 
-0.885722 -1.723402	7.519808 
-0.682747 -1.606215	7.513671 
-0.479773 -1.489027	7.427016 
-0.276798 -1.371840	7.518620 
-0.073823 -1.254652	7.478819 
0.129151 -1.137465	7.505665 
0.332126 -1.020277	7.473501 
0.535101 -0.903090	7.560868 
0.738076 -0.785902	7.517089 
0.941050 -0.668715	7.469262 
1.144025 -0.551527	7.522011 
1.347000 -0.434340	7.511611 
1.549974 -0.317152	7.531650 
1.752949 -0.199965	7.472033 
1.955924 -0.082777	7.475363 
2.158898 0.034410	7.464696 
-1.140194 -1.908885	7.810236 
-0.930453 -1.787791	7.794140 
-0.720713 -1.666697	7.721446 
-0.510972 -1.545603	7.727786 
-0.301232 -1.424510	7.742795 
-0.091491 -1.303416	7.733004 
0.118250 -1.182322	7.787727 
0.327990 -1.061228	7.728103 
0.537731 -0.940135	7.763165 
0.747471 -0.819041	7.743646 
0.957212 -0.697947	7.772021 
1.166952 -0.576853	7.738655 
1.376693 -0.455760	7.769475 
1.586433 -0.334666	7.721704 
1.796174 -0.213572	7.724106 
2.005914 -0.092478	7.735261 
2.215655 0.028615	7.746158 
-1.119615 -1.991543	8.006153 
-0.915845 -1.873896	8.012020 
-0.712074 -1.756249	7.957738 
-0.508303 -1.638602	7.995867 
-0.304533 -1.520955	8.020183 
-0.100762 -1.403308	7.985296 
0.103009 -1.285661	7.976789 
0.306779 -1.168014	8.019971 
0.510550 -1.050367	7.983467 
0.714321 -0.932720	7.996444 
0.918091 -0.815073	7.988854 
1.121862 -0.697426	8.031478 
1.325633 -0.579779	8.033689 
1.529403 -0.462132	7.991205 
1.733174 -0.344485	7.959971 
1.936945 -0.226837	8.014997 
2.140715 -0.109190	7.989020 
2.344486 0.008457	8.048822 
-1.165893 -2.090788	8.232064 
-0.955755 -1.969465	8.223654 
-0.745616 -1.848141	8.281267 
-0.535478 -1.726818	8.211804 
-0.325339 -1.605494	8.276797 
-0.115201 -1.484171	8.202911 
0.094938 -1.362847	8.222638 
0.305076 -1.241524	8.262130 
0.515215 -1.120200	8.211902 
0.725353 -0.998877	8.288519 
0.935492 -0.877553	8.283657 
1.145630 -0.756230	8.222873 
1.355769 -0.634906	8.243063 
1.565907 -0.513583	8.254695 
1.776046 -0.392259	8.257207 
1.986185 -0.270936	8.199751 
2.196323 -0.149612	8.198092 
2.406462 -0.028288	8.250510 
-1.228612 -2.206056	8.487743 
-1.024133 -2.088000	8.494778 
-0.819655 -1.969945	8.485641 
-0.615177 -1.851889	8.510986 
-0.410699 -1.733834	8.510426 
-0.206220 -1.615778	8.530148 
-0.001742 -1.497723	8.500205 
0.202736 -1.379667	8.517164 
0.407214 -1.261611	8.484239 
0.611692 -1.143556	8.445421 
0.816171 -1.025500	8.523542 
1.020649 -0.907445	8.466354 
1.225127 -0.789389	8.501882 
1.429605 -0.671334	8.572520 
1.634084 -0.553278	8.554773 
1.838562 -0.435223	8.536985 
2.043040 -0.317167	8.468216 
2.247518 -0.199111	8.518943 
2.451996 -0.081056	8.509474 
-1.238380 -2.159686	8.697129 
-1.027888 -2.038158	8.750152 
-0.817396 -1.916630	8.744649 
-0.606903 -1.795103	8.808288 
-0.396411 -1.673575	8.709769 
-0.185919 -1.552047	8.717391 
0.024573 -1.430519	8.735290 
0.235066 -1.308991	8.774143 
0.445558 -1.187464	8.759759 
0.656050 -1.065936	8.759386 
0.866543 -0.944408	8.770820 
1.077035 -0.822880	8.737077 
1.287527 -0.701353	8.778345 
1.498019 -0.579825	8.719199 
1.708512 -0.458297	8.762230 
1.919004 -0.336769	8.745515 
2.129496 -0.215241	8.760240 
2.339989 -0.093714	8.754027 
2.550481 0.027814	8.736666 
-1.384354 -2.265951	8.985064 
-1.179242 -2.147530	9.000278 
-0.974131 -2.029109	8.967690 
-0.769020 -1.910688	8.977111 
-0.563908 -1.792267	8.976361 
-0.358797 -1.673846	9.001312 
-0.153686 -1.555425	9.008489 
0.051425 -1.437004	8.995960 
0.256537 -1.318583	9.031662 
0.461648 -1.200162	9.029346 
0.666759 -1.081741	8.949749 
0.871871 -0.963320	9.044636 
1.076982 -0.844899	9.000431 
1.282093 -0.726478	9.018942 
1.487204 -0.608057	9.010647 
1.692316 -0.489636	8.964793 
1.897427 -0.371215	9.011893 
2.102538 -0.252794	9.026062 
2.307650 -0.134372	8.957442 
2.512761 -0.015951	9.024640 
-1.324384 -2.300259	9.269149 
-1.113576 -2.178549	9.256658 
-0.902767 -2.056838	9.316060 
-0.691958 -1.935127	9.284788 
-0.481149 -1.813417	9.189280 
-0.270340 -1.691706	9.279940 
-0.059532 -1.569996	9.250178 
0.151277 -1.448285	9.211202 
0.362086 -1.326575	9.190558 
0.572895 -1.204864	9.280565 
0.783704 -1.083154	9.222097 
0.994513 -0.961443	9.268725 
1.205321 -0.839733	9.269744 
1.416130 -0.718022	9.258525 
1.626939 -0.596312	9.279871 
1.837748 -0.474601	9.273019 
2.048557 -0.352891	9.202751 
2.259365 -0.231180	9.275031 
2.470174 -0.109470	9.286472 
2.680983 0.012241	9.213267 
-1.359137 -2.408923	9.476152 
-1.153456 -2.290173	9.506590 
-0.947775 -2.171423	9.523398 
-0.742094 -2.052673	9.504208 
-0.536413 -1.933923	9.488366 
-0.330732 -1.815173	9.483845 
-0.125051 -1.696423	9.512881 
0.080630 -1.577673	9.505172 
0.286311 -1.458923	9.504078 
0.491992 -1.340173	9.465593 
0.697673 -1.221423	9.526435 
0.903355 -1.102673	9.565028 
1.109036 -0.983923	9.539840 
1.314717 -0.865173	9.493490 
1.520398 -0.746423	9.453698 
1.726079 -0.627673	9.478497 
1.931760 -0.508923	9.496981 
2.137441 -0.390173	9.529912 
2.343122 -0.271423	9.481734 
2.548803 -0.152673	9.513339 
2.754484 -0.033923	9.503995 
-1.410156 -2.420670	9.714285 
-1.199062 -2.298795	9.748739 
-0.987968 -2.176920	9.737905 
-0.776874 -2.055045	9.713937 
-0.565781 -1.933170	9.781601 
-0.354687 -1.811295	9.772424 
-0.143593 -1.689420	9.758726 
0.067500 -1.567545	9.789058 
0.278594 -1.445670	9.822208 
0.489688 -1.323795	9.791884 
0.700781 -1.201920	9.779330 
0.911875 -1.080045	9.762040 
1.122969 -0.958170	9.698656 
1.334062 -0.836295	9.743144 
1.545156 -0.714420	9.705627 
1.756250 -0.592545	9.729366 
1.967344 -0.470670	9.771058 
2.178437 -0.348795	9.807926 
2.389531 -0.226920	9.665820 
2.600625 -0.105045	9.710320 
2.811718 0.016830	9.759006 
-1.362974 -2.571349	9.999216 
-1.156777 -2.452301	9.996395 
-0.950581 -2.333254	10.050277 
-0.744384 -2.214206	10.009835 
-0.538188 -2.095159	9.979066 
-0.331991 -1.976111	9.951890 
-0.125795 -1.857063	9.975259 
0.080402 -1.738016	10.043807 
0.286598 -1.618968	10.023774 
0.492795 -1.499921	9.989115 
0.698991 -1.380873	9.946126 
0.905188 -1.261825	10.044701 
1.111384 -1.142778	9.983714 
1.317581 -1.023730	10.019801 
1.523777 -0.904682	10.021241 
1.729974 -0.785635	10.032341 
1.936170 -0.666587	9.998487 
2.142367 -0.547540	10.068681 
2.348563 -0.428492	10.002499 
2.554760 -0.309444	10.029353 
2.760956 -0.190397	10.000281 
2.967153 -0.071349	9.948627 
